arenas:
  Arena1:
    bound:
      world: HungerGames
      x: -940
      y: 96
      z: -448
      x2: -462
      y2: 1
      z2: -825
    info:
      timer: 600
      min-players: 16
      max-players: 24
    commands:
    - none
    spawns:
    - HungerGames:-701:74:-633:271.38098:13.649485
    - HungerGames:-700:74:-638:259.08917:21.59946
    - HungerGames:-698:74:-642:286.24567:7.4994907
    - HungerGames:-696:74:-645:300.65216:27.59944
    - HungerGames:-693:74:-647:323.9151:2.549467
    - HungerGames:-689:74:-649:245.46478:22.649252
    - HungerGames:-684:74:-650:267.81708:23.69971
    - HungerGames:-680:74:-649:290.1668:16.34973
    - HungerGames:-676:74:-648:309.9701:8.399737
    - HungerGames:-672:74:-645:298.2677:15.59972
    - HungerGames:-670:74:-642:325.71924:13.94973
    - HungerGames:-668:74:-638:332.76825:7.3497386
    - HungerGames:-667:74:-633:332.76825:7.3497386
    - HungerGames:-668:74:-630:356.61884:16.499735
    - HungerGames:-670:74:-625:29.022522:-5.40026
    - HungerGames:-672:74:-622:31.276672:13.199635
    - HungerGames:-674:74:-619:47.0282:10.499641
    - HungerGames:-679:74:-617:53.62732:20.549635
    - HungerGames:-684:74:-616:92.48242:9.599663
    - HungerGames:-688:74:-617:104.92682:22.1996
    - HungerGames:-692:74:-619:125.62872:18.899609
    - HungerGames:-696:74:-621:120.37573:21.299585
    - HungerGames:-698:74:-625:141.22394:20.849573
    - HungerGames:-700:74:-629:159.97455:17.84958
    lobbysign: HungerGames:-695:69:-612
