lastAccountName: Mango63
timestamps:
  login: 1566134364654
  logout: 1566134765551
  lastteleport: 1566129792431
ipAddress: 127.0.0.1
lastlocation:
  world: HungerGames
  x: -684.5790233064813
  y: 76.875
  z: -633.0
  yaw: 0.0
  pitch: 0.0
logoutlocation:
  world: HungerGames
  x: -683.5339191734137
  y: 74.0
  z: -645.3629741440915
  yaw: 1.6470337
  pitch: 20.699905
afk: false
